1.000000 -1.000000 1.000000 -0.986207 0.899371 -0.393103 0.584906 0.172414 -0.018868 0.475862 -0.899371 0.448276 -1.000000 0.931034 -1.000000 0.931034 -1.000000 0.931034 -1.000000 0.931034
1.000000 -1.000000 1.000000 -0.986486 0.807018 -0.459459 0.491228 0.216216 -0.684211 -0.013514 -0.771930 0.918919 -0.859649 0.864865 -0.859649 0.864865 -0.859649 0.864865 -0.859649 0.864865
1.000000 -1.000000 0.985294 -0.938462 0.647059 -0.369231 0.264706 0.215385 -0.750000 -0.030769 -0.779412 0.984615 -0.882353 1.000000 -0.882353 1.000000 -0.882353 1.000000 -0.882353 1.000000
0.934066 -1.000000 0.934066 -0.982906 0.714286 -0.504274 0.098901 0.094017 -0.714286 0.076923 -0.824176 1.000000 -0.824176 1.000000 -0.824176 1.000000 -0.824176 1.000000 -0.824176 1.000000
1.000000 -1.000000 1.000000 -0.984000 0.733333 -0.472000 0.400000 0.056000 -0.033333 0.632000 -1.000000 0.664000 -0.883333 0.936000 -0.883333 0.936000 -0.883333 0.936000 -0.883333 0.936000
1.000000 -1.000000 1.000000 -0.984848 0.705882 -0.484848 0.308824 0.151515 -0.735294 -0.090909 -0.661765 1.000000 -0.808824 0.984848 -0.808824 0.984848 -0.808824 0.984848 -0.808824 0.984848
1.000000 -1.000000 1.000000 -0.983333 0.794872 -0.483333 0.401709 0.233333 -0.658120 0.000000 -0.982906 0.616667 -0.846154 0.966667 -0.846154 0.966667 -0.846154 0.966667 -0.846154 0.966667
1.000000 -1.000000 1.000000 -0.983471 0.758621 -0.454545 0.396552 0.157025 -0.672414 -0.057851 -0.724138 1.000000 -0.931034 0.884298 -0.931034 0.884298 -0.931034 0.884298 -0.931034 0.884298
1.000000 -1.000000 0.985294 -0.984375 0.764706 -0.484375 0.500000 0.000000 -0.544118 0.031250 -0.500000 0.890625 -0.926471 1.000000 -0.926471 1.000000 -0.926471 1.000000 -0.926471 1.000000
1.000000 -1.000000 0.928571 -0.869919 0.732143 -0.430894 0.410714 0.056911 -0.750000 -0.056911 -0.785714 1.000000 -0.910714 0.983740 -0.910714 0.983740 -0.910714 0.983740 -0.910714 0.983740
1.000000 -1.000000 0.964602 -0.876923 0.769912 -0.553846 0.274336 0.138462 -0.097345 0.553846 -0.982301 0.600000 -0.858407 0.938462 -0.858407 0.938462 -0.858407 0.938462 -0.858407 0.938462
1.000000 -1.000000 0.900000 -0.857143 0.600000 -0.457143 0.142857 0.128571 -0.771429 -0.171429 -0.657143 1.000000 -0.857143 0.957143 -0.857143 0.957143 -0.857143 0.957143 -0.857143 0.957143
1.000000 -1.000000 0.954198 -0.888000 0.770992 -0.472000 0.083969 -0.008000 -0.022901 0.712000 -0.923664 0.936000 -0.923664 0.936000 -0.923664 0.936000 -0.923664 0.936000 -0.923664 0.936000
1.000000 -1.000000 1.000000 -0.986842 0.663866 -0.513158 0.378151 -0.065789 -0.075630 0.552632 -0.563025 1.000000 -0.781513 0.934211 -0.781513 0.934211 -0.781513 0.934211 -0.781513 0.934211
1.000000 -1.000000 1.000000 -0.984733 0.678571 -0.328244 0.375000 0.236641 0.910714 1.000000 -0.875000 0.908397 -0.875000 0.908397 -0.875000 0.908397 -0.875000 0.908397 -0.875000 0.908397
1.000000 -1.000000 1.000000 -0.985075 0.714286 -0.238806 0.445378 0.313433 0.126050 0.865672 -0.966387 0.716418 -0.966387 0.716418 -0.966387 0.716418 -0.966387 0.716418 -0.966387 0.716418
1.000000 -1.000000 0.973333 -0.893939 0.720000 -0.318182 0.400000 0.242424 0.626667 0.954545 -0.946667 0.818182 -0.866667 0.939394 -0.866667 0.939394 -0.866667 0.939394 -0.866667 0.939394
1.000000 -1.000000 1.000000 -0.986755 0.694268 -0.430464 0.426752 0.019868 0.019108 0.629139 -0.554140 1.000000 -0.847134 0.960265 -0.847134 0.960265 -0.847134 0.960265 -0.847134 0.960265
1.000000 -1.000000 0.971831 -0.946309 0.718310 -0.328859 0.267606 0.114094 -0.690141 0.033557 -0.732394 1.000000 -0.845070 0.959732 -0.845070 0.959732 -0.845070 0.959732 -0.845070 0.959732
1.000000 -1.000000 1.000000 -0.985714 0.718750 -0.457143 0.328125 0.285714 -0.812500 -0.171429 -0.703125 1.000000 -0.703125 1.000000 -0.703125 1.000000 -0.703125 1.000000 -0.703125 1.000000
