-0.631579 0.821990 -0.631579 0.811518 -0.754386 -0.005236 0.157895 -0.664921 -0.473684 -1.000000 -0.473684 -1.000000 -0.473684 -1.000000 -0.473684 -1.000000 -0.473684 -1.000000 -0.473684 -1.000000
-0.255814 -1.000000 -0.255814 -0.989418 -0.151163 -0.037037 1.000000 0.343915 -1.000000 1.000000 -1.000000 1.000000 -1.000000 1.000000 -1.000000 1.000000 -1.000000 1.000000 -1.000000 1.000000
-1.000000 -1.000000 -0.983471 -0.948187 -0.388430 -0.212435 -0.884298 1.000000 0.950413 0.606218 0.950413 0.606218 0.950413 0.606218 0.950413 0.606218 0.950413 0.606218 0.950413 0.606218
-0.306122 0.520468 -0.306122 0.508772 -0.850340 1.000000 0.197279 -0.836257 0.074830 -1.000000 0.074830 -1.000000 0.074830 -1.000000 0.074830 -1.000000 0.074830 -1.000000 0.074830 -1.000000
-0.104478 0.513812 -0.104478 0.502762 -0.119403 -0.226519 0.835821 -0.524862 0.507463 -0.966851 0.507463 -0.966851 0.507463 -0.966851 0.507463 -0.966851 0.507463 -0.966851 0.507463 -0.966851
-0.489362 0.651163 -0.475177 0.616279 0.092199 0.011628 -0.106383 -0.988372 0.687943 -0.860465 0.687943 -0.860465 0.687943 -0.860465 0.687943 -0.860465 0.687943 -0.860465 0.687943 -0.860465
-0.240310 0.621302 -0.240310 0.573964 -0.984496 1.000000 0.193798 -1.000000 0.813953 -0.905325 0.813953 -0.905325 0.813953 -0.905325 0.813953 -0.905325 0.813953 -0.905325 0.813953 -0.905325
-0.333333 0.526882 -0.348485 0.526882 0.393939 0.096774 0.863636 -0.709677 0.818182 -0.827957 0.818182 -0.827957 0.818182 -0.827957 0.818182 -0.827957 0.818182 -0.827957 0.818182 -0.827957
-0.323308 0.691358 -0.323308 0.679012 0.548872 0.753086 -0.458647 -0.987654 -0.398496 -1.000000 -0.398496 -1.000000 -0.398496 -1.000000 -0.398496 -1.000000 -0.398496 -1.000000 -0.398496 -1.000000
-0.459459 0.468208 -0.472973 0.445087 0.162162 0.005780 0.594595 -0.780347 0.554054 -0.861272 0.554054 -0.861272 0.554054 -0.861272 0.554054 -0.861272 0.554054 -0.861272 0.554054 -0.861272
-0.473684 0.719512 -0.473684 0.682927 0.097744 0.121951 -0.578947 -0.914634 -0.142857 -1.000000 -0.142857 -1.000000 -0.142857 -1.000000 -0.142857 -1.000000 -0.142857 -1.000000 -0.142857 -1.000000
-0.142857 0.625000 -0.142857 0.613636 0.155844 -0.102273 -0.194805 -0.931818 -0.064935 -1.000000 -0.064935 -1.000000 -0.064935 -1.000000 -0.064935 -1.000000 -0.064935 -1.000000 -0.064935 -1.000000
-0.522388 0.748634 -0.522388 0.737705 0.194030 0.923497 0.985075 0.202186 0.492537 -0.879781 0.492537 -0.879781 0.492537 -0.879781 0.492537 -0.879781 0.492537 -0.879781 0.492537 -0.879781
-0.365517 0.560440 -0.365517 0.527473 0.227586 0.065934 -0.282759 -1.000000 -0.158621 -1.000000 -0.158621 -1.000000 -0.158621 -1.000000 -0.158621 -1.000000 -0.158621 -1.000000 -0.158621 -1.000000
-0.609756 0.648485 -0.658537 0.575758 0.008130 0.030303 -0.317073 -1.000000 -0.317073 -1.000000 -0.317073 -1.000000 -0.317073 -1.000000 -0.317073 -1.000000 -0.317073 -1.000000 -0.317073 -1.000000
-0.394366 0.757225 -0.408451 0.710983 0.070423 0.028902 -0.028169 -1.000000 0.352113 -0.953757 0.352113 -0.953757 0.352113 -0.953757 0.352113 -0.953757 0.352113 -0.953757 0.352113 -0.953757
-0.387755 0.584699 -0.401361 0.540984 0.170068 -0.005464 -0.142857 -1.000000 0.006803 -0.978142 0.006803 -0.978142 0.006803 -0.978142 0.006803 -0.978142 0.006803 -0.978142 0.006803 -0.978142
-0.735294 0.829268 -0.794118 0.768293 0.161765 0.914634 1.000000 0.329268 -0.147059 -0.987805 -0.147059 -0.987805 -0.147059 -0.987805 -0.147059 -0.987805 -0.147059 -0.987805 -0.147059 -0.987805
-0.514019 0.595506 -0.514019 0.584270 -0.943925 -0.247191 0.177570 -0.977528 0.177570 -0.977528 0.177570 -0.977528 0.177570 -0.977528 0.177570 -0.977528 0.177570 -0.977528 0.177570 -0.977528
-0.452055 0.627907 -0.452055 0.616279 0.095890 0.034884 -0.410959 -0.941860 -0.219178 -1.000000 -0.219178 -1.000000 -0.219178 -1.000000 -0.219178 -1.000000 -0.219178 -1.000000 -0.219178 -1.000000
