1.000000 -0.666667 0.985612 -0.666667 0.496403 -0.870370 -0.107914 -0.037037 -0.784173 0.055556 -1.000000 0.777778 -1.000000 0.777778 -1.000000 0.777778 -1.000000 0.777778 -1.000000 0.777778
1.000000 -0.752212 0.937008 -0.769912 0.417323 -0.982301 0.228346 0.345133 -0.826772 0.150442 -0.984252 0.610619 -0.984252 0.610619 -0.984252 0.610619 -0.984252 0.610619 -0.984252 0.610619
0.978022 -1.000000 0.846154 -1.000000 0.230769 -0.803279 -0.054945 0.049180 -0.714286 0.344262 -0.934066 0.786885 -0.934066 0.786885 -0.934066 0.786885 -0.934066 0.786885 -0.934066 0.786885
1.000000 -0.981308 0.792453 -1.000000 0.320755 -0.981308 0.528302 0.308411 0.245283 0.943925 -0.962264 0.869159 -0.962264 0.869159 -0.962264 0.869159 -0.962264 0.869159 -0.962264 0.869159
1.000000 -1.000000 0.905882 -1.000000 0.364706 -0.698113 0.011765 -0.056604 0.505882 0.962264 -0.858824 0.792453 -0.858824 0.792453 -0.858824 0.792453 -0.858824 0.792453 -0.858824 0.792453
1.000000 -1.000000 0.784615 -1.000000 0.261538 -0.792453 0.753846 0.433962 0.138462 0.962264 -1.000000 0.698113 -1.000000 0.698113 -1.000000 0.698113 -1.000000 0.698113 -1.000000 0.698113
1.000000 -1.000000 0.772152 -1.000000 0.392405 -0.773585 0.518987 0.245283 0.544304 0.962264 -0.949367 0.811321 -0.949367 0.811321 -0.949367 0.811321 -0.949367 0.811321 -0.949367 0.811321
1.000000 -1.000000 0.827160 -1.000000 0.358025 -0.786408 0.209877 -0.009709 0.382716 0.805825 -1.000000 0.650485 -0.950617 0.805825 -0.950617 0.805825 -0.950617 0.805825 -0.950617 0.805825
1.000000 -1.000000 0.909091 -1.000000 0.454545 -0.716981 0.250000 0.075472 -0.522727 0.075472 -1.000000 0.566038 -0.977273 0.773585 -0.977273 0.773585 -0.977273 0.773585 -0.977273 0.773585
1.000000 -1.000000 0.827160 -0.981132 0.432099 -0.849057 0.086420 -0.283019 0.407407 0.716981 -0.456790 1.000000 -1.000000 0.849057 -1.000000 0.849057 -1.000000 0.849057 -1.000000 0.849057
1.000000 -1.000000 0.797980 -1.000000 0.494949 -0.824561 0.030303 -0.245614 0.191919 0.561404 -0.898990 0.421053 -0.979798 0.859649 -0.979798 0.859649 -0.979798 0.859649 -0.979798 0.859649
1.000000 -1.000000 0.976744 -1.000000 0.441860 -0.881356 -0.069767 -0.406780 -0.418605 0.220339 -0.976744 0.457627 -0.976744 0.932203 -0.976744 0.932203 -0.976744 0.932203 -0.976744 0.932203
1.000000 -1.000000 0.904762 -1.000000 0.619048 -0.555556 0.396825 0.055556 0.492063 0.814815 -0.968254 0.592593 -0.841270 0.907407 -0.841270 0.907407 -0.841270 0.907407 -0.841270 0.907407
1.000000 -0.978022 0.957447 -1.000000 0.446809 -0.978022 -0.148936 -0.516484 -0.531915 0.032967 -0.425532 1.000000 -0.978723 0.912088 -0.978723 0.912088 -0.978723 0.912088 -0.978723 0.912088
1.000000 -0.981651 0.868421 -1.000000 0.368421 -0.633028 0.368421 0.137615 -0.500000 0.211009 -0.973684 0.559633 -0.894737 0.871560 -0.894737 0.871560 -0.894737 0.871560 -0.894737 0.871560
1.000000 -1.000000 0.937500 -1.000000 0.437500 -0.679245 0.312500 -0.113208 0.416667 0.584906 -0.208333 0.981132 -0.937500 0.849057 -0.937500 0.849057 -0.937500 0.849057 -0.937500 0.849057
1.000000 -1.000000 0.934783 -1.000000 0.456522 -0.793103 0.391304 0.051724 0.565217 0.672414 -0.847826 0.431034 -1.000000 0.637931 -1.000000 0.637931 -1.000000 0.637931 -1.000000 0.637931
1.000000 -1.000000 0.978022 -1.000000 0.362637 -0.869159 0.120879 -0.140187 -0.494505 0.121495 -0.956044 0.532710 -0.912088 0.887850 -0.912088 0.887850 -0.912088 0.887850 -0.912088 0.887850
1.000000 -1.000000 0.826087 -1.000000 0.478261 -0.865385 0.195652 -0.134615 0.434783 0.730769 -1.000000 0.423077 -0.869565 0.884615 -0.869565 0.884615 -0.869565 0.884615 -0.869565 0.884615
1.000000 -0.980198 0.885714 -1.000000 0.447619 -0.881188 0.447619 0.009901 0.523810 0.742574 -0.923810 0.405941 -0.923810 0.920792 -0.923810 0.920792 -0.923810 0.920792 -0.923810 0.920792
