1.000000 -1.000000 0.970588 -1.000000 0.323529 -0.858407 -0.176471 -0.309735 0.294118 0.964602 -1.000000 0.539823 -1.000000 0.539823 -1.000000 0.539823 -1.000000 0.539823 -1.000000 0.539823
-0.063830 -1.000000 -0.085106 -1.000000 -0.659574 -0.720930 -0.723404 0.054264 -0.234043 0.829457 0.851064 1.000000 0.851064 1.000000 0.851064 1.000000 0.851064 1.000000 0.851064 1.000000
0.432099 -0.983193 0.407407 -0.983193 -0.234568 -0.899160 -0.753086 -0.495798 -0.135802 0.798319 0.975309 1.000000 0.975309 1.000000 0.975309 1.000000 0.975309 1.000000 0.975309 1.000000
0.295455 -1.000000 0.204545 -1.000000 -0.295455 -0.788618 -0.272727 0.121951 -0.795455 0.528455 0.909091 1.000000 0.909091 1.000000 0.909091 1.000000 0.909091 1.000000 0.909091 1.000000
0.721519 -1.000000 0.569620 -1.000000 0.063291 -0.850000 -0.037975 0.200000 -0.063291 0.850000 -0.063291 0.850000 -0.063291 0.850000 -0.063291 0.850000 -0.063291 0.850000 -0.063291 0.850000
0.620253 -1.000000 0.544304 -1.000000 -0.113924 -0.853659 -0.265823 0.089431 -0.063291 0.918699 -1.000000 0.430894 -1.000000 0.430894 -1.000000 0.430894 -1.000000 0.430894 -1.000000 0.430894
0.764706 -1.000000 0.647059 -1.000000 0.176471 -0.891892 -0.176471 0.153153 -0.705882 0.711712 -0.911765 0.639640 -0.911765 0.639640 -0.911765 0.639640 -0.911765 0.639640 -0.911765 0.639640
0.566265 -1.000000 0.445783 -0.984000 0.036145 -0.840000 -0.349398 -0.024000 0.421687 1.000000 -0.686747 0.744000 -0.686747 0.744000 -0.686747 0.744000 -0.686747 0.744000 -0.686747 0.744000
0.747573 -1.000000 0.728155 -1.000000 0.145631 -0.934426 -0.495146 -0.573770 -0.728155 0.081967 -0.572816 0.655738 -0.572816 0.655738 -0.572816 0.655738 -0.572816 0.655738 -0.572816 0.655738
0.350000 -1.000000 0.150000 -1.000000 -0.325000 -0.816667 -0.775000 -0.416667 -0.925000 0.483333 0.975000 1.000000 0.975000 1.000000 0.975000 1.000000 0.975000 1.000000 0.975000 1.000000
0.313131 -1.000000 0.232323 -1.000000 -0.333333 -0.852459 -0.717172 -0.426230 -0.494949 0.590164 1.000000 1.000000 1.000000 1.000000 1.000000 1.000000 1.000000 1.000000 1.000000 1.000000
0.500000 -1.000000 0.250000 -1.000000 -0.250000 -0.870968 -0.166667 0.112903 0.944444 0.919355 -0.861111 0.532258 -0.861111 0.532258 -0.861111 0.532258 -0.861111 0.532258 -0.861111 0.532258
0.505376 -1.000000 0.483871 -1.000000 -0.247312 -0.879310 -0.247312 0.258621 -0.827957 0.655172 -0.827957 0.655172 -0.827957 0.655172 -0.827957 0.655172 -0.827957 0.655172 -0.827957 0.655172
0.851064 -1.000000 0.829787 -1.000000 0.170213 -0.801418 -0.361702 -0.489362 0.978723 0.957447 -1.000000 0.517730 -1.000000 0.517730 -1.000000 0.517730 -1.000000 0.517730 -1.000000 0.517730
0.568182 -1.000000 0.500000 -1.000000 -0.068182 -0.900826 -0.159091 0.206612 -1.000000 0.471074 -1.000000 0.487603 -1.000000 0.487603 -1.000000 0.487603 -1.000000 0.487603 -1.000000 0.487603
0.636364 -1.000000 0.515152 -1.000000 -0.070707 -0.899160 -0.636364 -0.478992 1.000000 0.915966 -0.939394 0.596639 -0.939394 0.596639 -0.939394 0.596639 -0.939394 0.596639 -0.939394 0.596639
0.659574 -1.000000 0.638298 -1.000000 -0.170213 -0.880000 -0.021277 0.260000 -0.872340 0.480000 -1.000000 0.620000 -1.000000 0.620000 -1.000000 0.620000 -1.000000 0.620000 -1.000000 0.620000
0.780220 -1.000000 0.714286 -1.000000 0.098901 -0.937500 -0.120879 0.031250 0.252747 0.890625 -0.648352 0.562500 -0.648352 0.562500 -0.648352 0.562500 -0.648352 0.562500 -0.648352 0.562500
1.000000 -1.000000 0.976190 -1.000000 0.333333 -0.942446 -0.309524 -0.755396 -0.023810 0.899281 -1.000000 0.553957 -1.000000 0.553957 -1.000000 0.553957 -1.000000 0.553957 -1.000000 0.553957
0.516484 -1.000000 0.494505 -1.000000 -0.098901 -0.870968 -0.010989 0.322581 -0.978022 0.516129 -0.978022 0.661290 -0.978022 0.661290 -0.978022 0.661290 -0.978022 0.661290 -0.978022 0.661290
