-0.696970 -0.948276 -0.696970 -0.931034 -0.257576 -0.534483 0.545455 -0.982759 -0.969697 0.965517 -0.954545 1.000000 -0.954545 1.000000 -0.954545 1.000000 -0.954545 1.000000 -0.954545 1.000000
-0.428571 -1.000000 -0.428571 -0.984615 0.285714 -0.923077 0.928571 -0.630769 -0.948980 1.000000 -0.948980 1.000000 -0.948980 1.000000 -0.948980 1.000000 -0.948980 1.000000 -0.948980 1.000000
-0.488636 -0.866667 -0.488636 -0.850000 0.136364 -1.000000 0.829545 -0.766667 -0.613636 1.000000 -0.613636 1.000000 -0.613636 1.000000 -0.613636 1.000000 -0.613636 1.000000 -0.613636 1.000000
-0.467532 -1.000000 -0.480519 -0.856000 0.168831 -0.840000 0.753247 -0.680000 -0.974026 0.872000 -0.948052 1.000000 -0.948052 1.000000 -0.948052 1.000000 -0.948052 1.000000 -0.948052 1.000000
-0.458824 -1.000000 -0.458824 -0.984496 0.211765 -0.984496 0.847059 -0.891473 -0.964706 0.891473 -0.729412 1.000000 -0.729412 1.000000 -0.729412 1.000000 -0.729412 1.000000 -0.729412 1.000000
-0.467532 -1.000000 -0.467532 -0.901639 -0.493506 -0.360656 -0.467532 0.295082 -0.870130 0.901639 -0.766234 1.000000 -0.766234 1.000000 -0.766234 1.000000 -0.766234 1.000000 -0.766234 1.000000
-0.528571 -0.905512 -0.528571 -0.889764 -0.371429 -0.244094 0.757143 -0.905512 -0.571429 0.984252 -0.657143 1.000000 -0.657143 1.000000 -0.657143 1.000000 -0.657143 1.000000 -0.657143 1.000000
-0.464789 -0.807407 -0.450704 -0.807407 -0.408451 -0.244444 -0.338028 0.422222 -0.901408 0.985185 -0.901408 0.985185 -0.901408 0.985185 -0.901408 0.985185 -0.901408 0.985185 -0.901408 0.985185
-0.639344 -0.927928 -0.639344 -0.909910 -0.622951 -0.315315 -1.000000 0.243243 -0.688525 0.963964 -0.770492 1.000000 -0.770492 1.000000 -0.770492 1.000000 -0.770492 1.000000 -0.770492 1.000000
-0.760870 -0.787611 -0.739130 -0.699115 -0.673913 -0.203540 0.282609 -0.309735 -0.847826 0.893805 -0.739130 1.000000 -0.739130 1.000000 -0.739130 1.000000 -0.739130 1.000000 -0.739130 1.000000
-0.523179 -0.674797 -0.523179 -0.658537 -0.576159 -0.089431 -0.986755 0.447154 -0.986755 1.000000 -0.986755 1.000000 -0.986755 1.000000 -0.986755 1.000000 -0.986755 1.000000 -0.986755 1.000000
-0.464789 -0.870370 -0.455399 -0.814815 -0.455399 -0.240741 0.699531 -0.962963 -0.971831 0.888889 -0.877934 1.000000 -0.877934 1.000000 -0.877934 1.000000 -0.877934 1.000000 -0.877934 1.000000
-0.428571 -1.000000 -0.443609 -1.000000 -0.624060 -0.450382 0.849624 -0.954198 -0.819549 0.908397 -0.684211 1.000000 -0.684211 1.000000 -0.684211 1.000000 -0.684211 1.000000 -0.684211 1.000000
-0.346939 -0.837398 -0.333333 -0.837398 0.183673 -0.479675 -0.986395 0.300813 -0.795918 1.000000 -0.795918 1.000000 -0.795918 1.000000 -0.795918 1.000000 -0.795918 1.000000 -0.795918 1.000000
-0.346667 -1.000000 -0.346667 -0.982906 0.160000 -0.589744 0.920000 -0.931624 -0.413333 0.948718 -0.920000 0.965812 -0.920000 0.965812 -0.920000 0.965812 -0.920000 0.965812 -0.920000 0.965812
-0.458564 -0.898305 -0.458564 -0.881356 -0.436464 -0.237288 -0.359116 0.338983 -0.679558 1.000000 -0.812155 1.000000 -0.812155 1.000000 -0.812155 1.000000 -0.812155 1.000000 -0.812155 1.000000
-0.362963 -0.836364 -0.362963 -0.818182 -0.333333 -0.236364 -0.333333 0.381818 -0.614815 1.000000 -0.614815 1.000000 -0.614815 1.000000 -0.614815 1.000000 -0.614815 1.000000 -0.614815 1.000000
-0.066667 -1.000000 -0.155556 -0.925926 0.466667 -0.611111 -0.511111 0.129630 -0.229630 0.944444 -0.792593 0.981481 -0.792593 0.981481 -0.792593 0.981481 -0.792593 0.981481 -0.792593 0.981481
-0.367647 -0.920792 -0.367647 -0.900990 -0.294118 -0.287129 0.970588 -0.980198 -0.705882 1.000000 -0.705882 1.000000 -0.705882 1.000000 -0.705882 1.000000 -0.705882 1.000000 -0.705882 1.000000
-0.536000 -1.000000 -0.536000 -0.982609 -0.328000 -0.391304 -0.472000 0.269565 -0.376000 0.878261 -0.728000 1.000000 -0.728000 1.000000 -0.728000 1.000000 -0.728000 1.000000 -0.728000 1.000000
