-4.0 -4.0 0.11515814218223497
-4.0 -3.0 7.617336003935549E-4
-4.0 -2.0 -0.10776423685247583
-4.0 -1.0 -0.0922240029965149
-4.0 0.0 -0.00759059768854442
-4.0 1.0 0.04733687033961331
-4.0 2.0 0.033106768576800505
-4.0 3.0 -0.015764413777866082
-4.0 4.0 -0.008783563019136409
-3.0 -4.0 -0.12214773189394279
-3.0 -3.0 -0.015512937611465105
-3.0 -2.0 0.06657921797967337
-3.0 -1.0 0.12082951030582967
-3.0 0.0 0.12822097595050863
-3.0 1.0 0.067442897517207
-3.0 2.0 -0.040191020570851776
-3.0 3.0 -0.10684082127429662
-3.0 4.0 0.024573694237943755
-2.0 -4.0 0.043680256809736306
-2.0 -3.0 -0.07724954034537745
-2.0 -2.0 -0.05794457649192264
-2.0 -1.0 -0.006171475808651294
-2.0 0.0 0.014179324643011526
-2.0 1.0 -0.023574401230607833
-2.0 2.0 -0.09636444264972255
-2.0 3.0 -0.10115685129083829
-2.0 4.0 0.16563760589230014
-1.0 -4.0 0.1560971687533712
-1.0 -3.0 0.014211447151591727
-1.0 -2.0 -0.019406003131392513
-1.0 -1.0 0.004500951432251821
-1.0 0.0 0.043596092413674015
-1.0 1.0 0.0459225237776586
-1.0 2.0 -0.017378355477102758
-1.0 3.0 -0.08494848210392547
-1.0 4.0 0.04773576036180316
0.0 -4.0 -0.16487842861526403
0.0 -3.0 -0.14250681383127883
0.0 -2.0 -0.11718913736107162
0.0 -1.0 -0.07219256106802785
0.0 0.0 8.368043808726355E-4
0.0 1.0 0.058446445390424984
0.0 2.0 0.04048941627493008
0.0 3.0 -0.04218383441416762
0.0 4.0 -0.025670471300799136
1.0 -4.0 0.16902472819331393
1.0 -3.0 0.164240511366053
1.0 -2.0 0.13791333982941012
1.0 -1.0 0.0893328225339296
1.0 0.0 0.05727597196301293
1.0 1.0 0.04135313745395397
1.0 2.0 0.002649610084457521
1.0 3.0 -0.06834114990918572
1.0 4.0 -0.06561636849748709
2.0 -4.0 -0.12953495065326592
2.0 -3.0 -0.10193842843580825
2.0 -2.0 -0.022712409074660656
2.0 -1.0 0.008048696095340091
2.0 0.0 0.012489705573546672
2.0 1.0 0.03202481711802907
2.0 2.0 0.07342376317457422
2.0 3.0 0.13371513150667058
2.0 4.0 0.2710580328669785
3.0 -4.0 0.07229023526501521
3.0 -3.0 -0.008989595616412771
3.0 -2.0 0.03258272952241015
3.0 -1.0 0.008382913363799815
3.0 0.0 -0.08823626830120901
3.0 1.0 -0.17186461362904837
3.0 2.0 -0.21475115707118242
3.0 3.0 -0.2625046890237801
3.0 4.0 -0.31423151489852863
4.0 -4.0 0.004342846818019552
4.0 -3.0 -0.06211125552501784
4.0 -2.0 0.025073575868322706
4.0 -1.0 0.04372262999046406
4.0 0.0 -0.02943869967836843
4.0 1.0 -0.01761867231620251
4.0 2.0 0.14450230336868763
4.0 3.0 0.24422948231467068
4.0 4.0 0.12232134719706345