0.5878754657568253
-0.09035872340662265
0.7737860636453856
0.19585666439691546

0.8712804700760949
0.058495580907836374
0.1654135687628872
-0.13093014688985113

0.43300507104638586
-1.502742503225358
0.7499997401675751
-10.72979806808377

0.12052834122302616
0.09111384514149057
0.23804302090984136
-0.15772414342139335

240.13928921695577
222.3072960310214
-160.844708674321
204.31302495771803

0.6355170172203366
-0.05471359147338674
0.22644691060292804
-0.0872472030773496

-563.8342344448619
-368.32860467329255
67.97750375312422
-130.2364483582638

0.8125150361233562
-0.5967850326234727
26.823559417761427
190.5324668782805