0.40294032215690656
-0.112564950898661
0.28022677563774623
0.40955846701865095

0.12823646292611635
-0.07540638143830802
0.7522189699975843
-0.15729890897050003

0.642674777099743
-0.05952268134359346
0.2592637379638164
-0.11047540058755596

0.49183265228903605
0.379419551638674
0.7415450137910302
-0.5120688020237072

0.12631529896448607
-0.39014281547255836
0.26444428709167794
0.24951424614748774

0.6075916958837078
-0.07200187023394039
0.750009781165665
4.868691670911748

0.8764780649825958
0.10717093369515385
0.7384658802665858
0.15377464201846908

0.12521472792320198
8.96045883211216
0.49023818943970804
-0.9162355709394873