0.6283451795395185
-0.2632050161961452
0.25801746019450433
0.1269567524270378

0.3779205542400283
-0.08755784205043662
0.26176323090598086
-0.13027660826092652

0.9180503150803498
-0.11430831782077801
0.2557987132203374
0.08947999708022666

0.1276720032960582
-0.284252195576686
0.6903426678575861
0.3383141299726868

0.3650261008290554
0.12911055821496295
0.7251075199459773
-21.126415506747325

-1.149920559732127
14.177772667984916
-23.134871597811077
10.675421105503286

-7.750582685124863
16.251679312705384
1.467273422354121
-3.4916925045715463

-3.1642109323488015
1.6465618364337
9.915906811010721
-1.1093064678397884